5
0 0 1 0 0
0 1 1 0 0
0 0 1 1 0
0 0 0 0 0
0 0 0 0 0

5 5
3 0 2 6 9 0 3 1 1 5 2 3 6 3 1 3 6 2 0 5 9 5 5 4 6

8
0 0 0 0 0 0 0 0
0 1 0 0 0 0 0 0
0 0 1 0 0 0 0 0
0 0 0 1 0 0 0 0
0 1 1 1 1 0 0 0
0 0 0 0 0 0 0 0
0 0 0 0 0 0 0 0
0 0 0 0 0 0 0 0

8
0 0 0 0 1 0 0 0
0 0 0 0 0 0 0 0
0 0 0 0 0 0 0 1
1 0 0 0 0 0 1 0
0 0 0 0 1 0 0 0
1 0 0 1 0 0 0 1
0 0 1 0 0 0 0 0
1 1 0 0 0 0 0 0


10
1 1 1 0 0 0 0 0 1 0
0 0 1 0 0 1 0 0 0 0
1 1 1 0 0 1 0 1 1 0
1 1 0 1 0 0 1 1 0 0
0 0 1 0 0 1 0 0 0 0
1 0 1 0 0 0 0 0 0 1
0 0 0 0 1 0 0 0 1 1
0 1 1 0 1 0 1 0 1 1
0 0 1 0 0 1 0 1 1 0
1 0 0 0 1 1 1 0 1 1